***POINT MUTUAL INFORMATION TABLE
										0	1	2	3	4	5	6	7	8	
	1.7967	1.57197	1.107	-1.47483	-2.80156	-2.60769	-1.87797	-1.53386	-1.82252	-3.05841	-3.58577	-3.95261	-2.07719	-2.70909	-2.18085	-1.81055	-2.80156	-1.94528	
	1.57197	1.87911	1.07579	-1.81465	-2.71915	-2.29081	-2.62309	-1.79152	-2.59698	-4.09147	-3.27509	-4.54827	-2.65917	-2.23726	-2.62519	-2.50801	-2.71915	-2.46621	
	1.107	1.07579	1.72855	-1.65487	-2.86971	-2.51537	-1.61962	-1.22349	-1.29103	-2.99411	-3.02831	-3.47644	-1.65501	-1.7977	-1.68111	-1.65857	-2.92416	-1.7025	
	-1.47483	-1.81465	-1.65487	4.22974	3.09091	3.7547	-0.292926	-0.31841	-0.629682	-1.68195	-2.37512	-2.10453	-2.28157	-1.56781	-2.25031	2.06889	2.19852	2.06662	
	-2.80156	-2.71915	-2.86971	3.09091	5.79918	4.43661	-1.68285	-0.175237	-1.58381	-2.75637	-1.54265	-0.075664	-0.512827	1.33347	0.245127	0.63833	0.969593	0.397274	
	-2.60769	-2.29081	-2.51537	3.7547	4.43661	5.07551	-1.66955	-1.09155	-1.57051	-3.89508	-1.97681	-1.01084	-1.54684	0.120418	-0.885167	1.13039	1.69964	1.29654	
	-1.87797	-2.62309	-1.61962	-0.292926	-1.68285	-1.66955	2.91541	1.92684	2.39662	0.835599	0.178448	0.432889	0.0921559	-0.473331	-0.154114	-0.570274	-2.85277	-1.08595	
	-1.53386	-1.79152	-1.22349	-0.31841	-0.175237	-1.09155	1.92684	3.59295	1.79493	-1.0084	-0.896437	-0.986438	0.0682134	-0.0625834	0.0261861	-1.4777	-2.05976	-1.54592	
	-1.82252	-2.59698	-1.29103	-0.629682	-1.58381	-1.57051	2.39662	1.79493	2.59942	0.613723	0.0763473	0.293048	0.240105	-0.287931	0.220904	-0.515628	-2.75373	-0.861382	
0	-3.05841	-4.09147	-2.99411	-1.68195	-2.75637	-3.89508	0.835599	-1.0084	0.613723	3.01181	2.51548	2.61565	-0.62503	-1.18428	-0.782669	-0.913405	-2.34133	-1.54209	
1	-3.58577	-3.27509	-3.02831	-2.37512	-1.54265	-1.97681	0.178448	-0.896437	0.0763473	2.51548	3.05561	2.55739	-1.64074	-1.4101	-1.77674	-2.88951	-2.49018	-2.40519	
2	-3.95261	-4.54827	-3.47644	-2.10453	-0.075664	-1.01084	0.432889	-0.986438	0.293048	2.61565	2.55739	3.23309	-0.893561	-0.694522	-0.70264	-2.56003	-3.3127	-2.56474	
3	-2.07719	-2.65917	-1.65501	-2.28157	-0.512827	-1.54684	0.0921559	0.0682134	0.240105	-0.62503	-1.64074	-0.893561	2.30116	1.64985	1.94489	-1.01947	-3.35155	-1.63607	
4	-2.70909	-2.23726	-1.7977	-1.56781	1.33347	0.120418	-0.473331	-0.0625834	-0.287931	-1.18428	-1.4101	-0.694522	1.64985	2.91183	1.6835	-1.55936	-4.85635	-2.22704	
5	-2.18085	-2.62519	-1.68111	-2.25031	0.245127	-0.885167	-0.154114	0.0261861	0.220904	-0.782669	-1.77674	-0.70264	1.94489	1.6835	2.18042	-1.44277	-3.8508	-1.77788	
6	-1.81055	-2.50801	-1.65857	2.06889	0.63833	1.13039	-0.570274	-1.4777	-0.515628	-0.913405	-2.88951	-2.56003	-1.01947	-1.55936	-1.44277	3.45232	3.23103	3.22674	
7	-2.80156	-2.71915	-2.92416	2.19852	0.969593	1.69964	-2.85277	-2.05976	-2.75373	-2.34133	-2.49018	-3.3127	-3.35155	-4.85635	-3.8508	3.23103	4.21422	3.36321	
8	-1.94528	-2.46621	-1.7025	2.06662	0.397274	1.29654	-1.08595	-1.54592	-0.861382	-1.54209	-2.40519	-2.56474	-1.63607	-2.22704	-1.77788	3.22674	3.36321	3.5216	



***NORM. POINT MUTUAL INFORMATION TABLE
										0	1	2	3	4	5	6	7	8	
	1	0.747193	0.457769	-0.196611	-0.269447	-0.275076	-0.284969	-0.221544	-0.293074	-0.388768	-0.424951	-0.44004	-0.336384	-0.365223	-0.354151	-0.256468	-0.317909	-0.267813	
	0.747193	1	0.424898	-0.229022	-0.261521	-0.247778	-0.35363	-0.246644	-0.367038	-0.455499	-0.398924	-0.470813	-0.388799	-0.318326	-0.392714	-0.319922	-0.308557	-0.313491	
	0.457769	0.424898	1	-0.21737	-0.276001	-0.269906	-0.258577	-0.186936	-0.229761	-0.387112	-0.387625	-0.411994	-0.291132	-0.279229	-0.300731	-0.242501	-0.329782	-0.24487	
	-0.196611	-0.229022	-0.21737	1	0.445504	0.676454	-0.0393819	-0.0391114	-0.084421	-0.188486	-0.24586	-0.21997	-0.258903	-0.180014	-0.259837	0.368579	0.352021	0.36354	
	-0.269447	-0.261521	-0.276001	0.445504	1	0.68912	-0.161852	-0.0183161	-0.15866	-0.238289	-0.148368	-0.00830749	-0.0595399	0.180748	0.0316928	0.074111	0.107211	0.04452	
	-0.275076	-0.247778	-0.269906	0.676454	0.68912	1	-0.172823	-0.111839	-0.169869	-0.325066	-0.19557	-0.108465	-0.173344	0.0153069	-0.108728	0.152808	0.223929	0.177594	
	-0.284969	-0.35363	-0.258577	-0.0393819	-0.161852	-0.172823	1	0.420568	0.768586	0.164112	0.0308063	0.075738	0.0179837	-0.075125	-0.0293554	-0.0821956	-0.28578	-0.144352	
	-0.221544	-0.246644	-0.186936	-0.0391114	-0.0183161	-0.111839	0.420568	1	0.408175	-0.132455	-0.118812	-0.126265	0.0117087	-0.00952945	0.00455633	-0.173379	-0.208754	-0.178503	
	-0.293074	-0.367038	-0.229761	-0.084421	-0.15866	-0.169869	0.768586	0.408175	1	0.122806	0.0136856	0.0529019	0.0515195	-0.0496503	0.0484551	-0.0785138	-0.287826	-0.123365	
0	-0.388768	-0.455499	-0.387112	-0.188486	-0.238289	-0.325066	0.164112	-0.132455	0.122806	1	0.708197	0.720713	-0.105259	-0.166615	-0.130993	-0.123809	-0.244721	-0.190959	
1	-0.424951	-0.398924	-0.387625	-0.24586	-0.148368	-0.19557	0.0308063	-0.118812	0.0136856	0.708197	1	0.685385	-0.234474	-0.191134	-0.253358	-0.307478	-0.255141	-0.267767	
2	-0.44004	-0.470813	-0.411994	-0.21997	-0.00830749	-0.108465	0.075738	-0.126265	0.0529019	0.720713	0.685385	1	-0.139015	-0.101547	-0.114883	-0.276896	-0.307872	-0.275204	
3	-0.336384	-0.388799	-0.291132	-0.258903	-0.0595399	-0.173344	0.0179837	0.0117087	0.0515195	-0.105259	-0.234474	-0.139015	1	0.463033	0.766702	-0.15052	-0.339675	-0.219347	
4	-0.365223	-0.318326	-0.279229	-0.180014	0.180748	0.0153069	-0.075125	-0.00952945	-0.0496503	-0.166615	-0.191134	-0.101547	0.463033	1	0.493876	-0.196801	-0.405291	-0.25715	
5	-0.354151	-0.392714	-0.300731	-0.259837	0.0316928	-0.108728	-0.0293554	0.00455633	0.0484551	-0.130993	-0.253358	-0.114883	0.766702	0.493876	1	-0.20391	-0.375855	-0.237687	
6	-0.256468	-0.319922	-0.242501	0.368579	0.074111	0.152808	-0.0821956	-0.173379	-0.0785138	-0.123809	-0.307478	-0.276896	-0.15052	-0.196801	-0.20391	1	0.728447	0.86111	
7	-0.317909	-0.308557	-0.329782	0.352021	0.107211	0.223929	-0.28578	-0.208754	-0.287826	-0.244721	-0.255141	-0.307872	-0.339675	-0.405291	-0.375855	0.728447	1	0.769155	
8	-0.267813	-0.313491	-0.24487	0.36354	0.04452	0.177594	-0.144352	-0.178503	-0.123365	-0.190959	-0.267767	-0.275204	-0.219347	-0.25715	-0.237687	0.86111	0.769155	1	
