***POINT MUTUAL INFORMATION TABLE
								
	2.58119	-0.974666	0.0893377	-1.35684	-1.99546	-2.04086	-1.47986	
	-0.974666	2.27263	0.0105152	-1.53986	-1.70256	-3.22013	-2.44242	
	0.0893377	0.0105152	2.86318	0.474711	-1.71346	-2.29944	-1.76941	
	-1.35684	-1.53986	0.474711	3.02797	2.17454	-2.63989	-1.99319	
	-1.99546	-1.70256	-1.71346	2.17454	3.31273	-1.88306	-1.63181	
	-2.04086	-3.22013	-2.29944	-2.63989	-1.88306	2.1253	-0.226003	
	-1.47986	-2.44242	-1.76941	-1.99319	-1.63181	-0.226003	1.94484	



***NORM. POINT MUTUAL INFORMATION TABLE
								
	1	-0.167224	0.0166829	-0.19478	-0.25293	-0.302468	-0.246401	
	-0.167224	1	0.00205162	-0.225111	-0.233614	-0.422697	-0.366736	
	0.0166829	0.00205162	1	0.0876427	-0.217186	-0.315513	-0.269012	
	-0.19478	-0.225111	0.0876427	1	0.521953	-0.338745	-0.286132	
	-0.25293	-0.233614	-0.217186	0.521953	1	-0.257211	-0.236859	
	-0.302468	-0.422697	-0.315513	-0.338745	-0.257211	1	-0.0526061	
	-0.246401	-0.366736	-0.269012	-0.286132	-0.236859	-0.0526061	1	
